0.700000 0
0.712000 0
0.724000 0
0.736000 0
0.748000 0
0.760000 0
0.772000 0
0.784000 0
0.796000 0
0.808000 3
0.820000 19
0.832000 87
0.844000 268
0.856000 766
0.868000 1896
0.880000 4260
0.892000 8731
0.904000 15921
0.916000 26366
0.928000 40267
0.940000 56448
0.952000 72918
0.964000 87571
0.976000 98825
0.988000 103341
1.000000 101278
1.012000 93469
1.024000 81047
1.036000 65765
1.048000 49599
1.060000 35167
1.072000 23810
1.084000 14835
1.096000 8642
1.108000 4623
1.120000 2297
1.132000 1076
1.144000 458
1.156000 154
1.168000 59
1.180000 15
1.192000 3
1.204000 0
1.216000 0
1.228000 0
1.240000 0
1.252000 0
1.264000 0
1.276000 0
1.288000 0
