1.700000 0
1.712000 0
1.724000 0
1.736000 0
1.748000 24
1.760000 0
1.772000 48
1.784000 120
1.796000 384
1.808000 552
1.820000 888
1.832000 1872
1.844000 3912
1.856000 5928
1.868000 9960
1.880000 16792
1.892000 23424
1.904000 32208
1.916000 42768
1.928000 56040
1.940000 67584
1.952000 75600
1.964000 84792
1.976000 89640
1.988000 89376
2.000000 82752
2.012000 74760
2.024000 63144
2.036000 51168
2.048000 40392
2.060000 29136
2.072000 21000
2.084000 14352
2.096000 9120
2.108000 5136
2.120000 3048
2.132000 1968
2.144000 1152
2.156000 432
2.168000 216
2.180000 120
2.192000 120
2.204000 72
2.216000 0
2.228000 0
2.240000 0
2.252000 0
2.264000 0
2.276000 0
2.288000 0
