2.700000 745
2.710000 937
2.720000 1203
2.730000 1570
2.740000 1999
2.750000 2508
2.760000 3185
2.770000 3901
2.780000 4837
2.790000 5977
2.800000 7008
2.810000 8408
2.820000 9666
2.830000 11412
2.840000 13249
2.850000 15303
2.860000 17205
2.870000 19530
2.880000 21766
2.890000 23938
2.900000 26339
2.910000 28839
2.920000 30507
2.930000 33039
2.940000 34812
2.950000 36002
2.960000 37420
2.970000 38424
2.980000 39181
2.990000 39473
3.000000 39303
3.010000 38955
3.020000 37948
3.030000 37290
3.040000 36055
3.050000 34056
3.060000 32263
3.070000 30020
3.080000 27796
3.090000 25802
3.100000 23413
3.110000 21119
3.120000 18789
3.130000 16851
3.140000 14644
3.150000 12585
3.160000 10864
3.170000 9382
3.180000 7954
3.190000 6512
