-1.0 2.01008945023
-0.979797979798 1.8248618512
-0.959595959596 1.922647473
-0.939393939394 1.83088825363
-0.919191919192 1.73189571729
-0.89898989899 1.64678635843
-0.878787878788 1.74744788964
-0.858585858586 1.55330582573
-0.838383838384 1.44193202715
-0.818181818182 1.40637397689
-0.79797979798 1.41679094354
-0.777777777778 1.23173988351
-0.757575757576 1.17778465114
-0.737373737374 1.16835301065
-0.717171717172 1.09313298725
-0.69696969697 0.984513882254
-0.676767676768 0.929299911591
-0.656565656566 0.963406617926
-0.636363636364 0.888210912638
-0.616161616162 0.931042026857
-0.59595959596 0.893770485969
-0.575757575758 0.802731105664
-0.555555555556 0.88500941144
-0.535353535354 0.627845448161
-0.515151515152 0.756761256975
-0.494949494949 0.784291199469
-0.474747474747 0.657301265248
-0.454545454545 0.446877756179
-0.434343434343 0.751771675496
-0.414141414141 0.843666042404
-0.393939393939 0.635122130186
-0.373737373737 0.61670148519
-0.353535353535 0.586607317575
-0.333333333333 0.816820353962
-0.313131313131 0.626378688928
-0.292929292929 0.626944324394
-0.272727272727 0.72596925284
-0.252525252525 0.605246983231
-0.232323232323 0.724779761988
-0.212121212121 0.554420805033
-0.191919191919 0.747324540621
-0.171717171717 0.579543148881
-0.151515151515 0.909941200803
-0.131313131313 0.751352534072
-0.111111111111 0.812414818878
-0.0909090909091 0.902430582982
-0.0707070707071 1.07196828702
-0.0505050505051 0.802964189373
-0.030303030303 1.04801277213
-0.010101010101 0.9680344559
0.010101010101 1.19904419948
0.030303030303 1.18587254789
0.0505050505051 1.12810248561
0.0707070707071 1.18119623438
0.0909090909091 1.17791964286
0.111111111111 1.28120021414
0.131313131313 1.22777330407
0.151515151515 1.35524178014
0.171717171717 1.41963736365
0.191919191919 1.5147185956
0.212121212121 1.57607245326
0.232323232323 1.61055310328
0.252525252525 1.72918000067
0.272727272727 1.66754279273
0.292929292929 1.59340046381
0.313131313131 1.89232619127
0.333333333333 1.91935108071
0.353535353535 2.31986446351
0.373737373737 2.02503500745
0.393939393939 2.44092962035
0.414141414141 2.28224737454
0.434343434343 2.42368196577
0.454545454545 2.51056473774
0.474747474747 2.71718269294
0.494949494949 2.7170440228
0.515151515152 2.9377199524
0.535353535354 2.89253989511
0.555555555556 2.99469558054
0.575757575758 3.03383997622
0.59595959596 3.15032161629
0.616161616162 3.50496076735
0.636363636364 3.37455740871
0.656565656566 3.59940390879
0.676767676768 3.73008589174
0.69696969697 3.95548569015
0.717171717172 4.02739042902
0.737373737374 4.00925083282
0.757575757576 4.31068978607
0.777777777778 4.30859260079
0.79797979798 4.36351236674
0.818181818182 4.57324000276
0.838383838384 4.8501331523
0.858585858586 4.80063032386
0.878787878788 5.08556818766
0.89898989899 5.47937400775
0.919191919192 5.3735047174
0.939393939394 5.43864068439
0.959595959596 5.52002094298
0.979797979798 5.69978621263
1.0 6.05848443947
