0.0 -0.0863249398137
0.01 -0.00383838728248
0.02 0.193450702672
0.03 0.304343588746
0.04 0.437829197051
0.05 0.51976978166
0.06 0.624634124702
0.07 0.741443463332
0.08 0.686750246359
0.09 0.910047166455
0.1 0.929088492789
0.11 1.15751994329
0.12 1.07279148552
0.13 1.11211216026
0.14 1.26965302696
0.15 1.21888667434
0.16 1.37668060789
0.17 1.48588285473
0.18 1.44500370957
0.19 1.69418895426
0.2 1.66181651164
0.21 1.8493156713
0.22 1.75258497391
0.23 1.79714809511
0.24 1.94443408237
0.25 1.95195065399
0.26 2.01538170932
0.27 2.01156380249
0.28 1.83387135972
0.29 1.91709825844
0.3 1.95881936884
0.31 1.96332841554
0.32 1.94608555562
0.33 1.9894147587
0.34 2.02837736163
0.35 1.90919952381
0.36 1.83841693441
0.37 1.79126176304
0.38 2.00393235414
0.39 1.63233682529
0.4 1.75449617165
0.41 1.91969718369
0.42 1.64375386006
0.43 1.53943298843
0.44 1.66157343509
0.45 1.58892052959
0.46 1.26690662808
0.47 1.27566251535
0.48 1.26642294557
0.49 1.16025523585
0.5 1.15131791529
0.51 1.16114224101
0.52 1.00344775737
0.53 0.999119403549
0.54 0.950336024769
0.55 0.778711244269
0.56 0.752902635159
0.57 0.650929056438
0.58 0.327339801074
0.59 0.494954085742
0.6 0.350281002654
0.61 0.189483243428
0.62 -0.0313738623241
0.63 0.111604189384
0.64 -0.105346039669
0.65 -0.361302420253
0.66 -0.218624145297
0.67 -0.524490744197
0.68 -0.396630472688
0.69 -0.475022440977
0.7 -0.502706334003
0.71 -0.913631611315
0.72 -0.910458933407
0.73 -0.853588212731
0.74 -1.01187522995
0.75 -1.11106843958
0.76 -1.16207796698
0.77 -1.41119885172
0.78 -1.21509704996
0.79 -1.56618908418
0.8 -1.40164088981
0.81 -1.56669846644
0.82 -1.63710899998
0.83 -1.44813069751
0.84 -1.62374485071
0.85 -1.65166135089
0.86 -1.97282483715
0.87 -1.74685061954
0.88 -1.73906982899
0.89 -1.92039963038
0.9 -1.84761807518
0.91 -2.00671762127
0.92 -1.83338902307
0.93 -1.98835040952
0.94 -2.04704010195
0.95 -1.92874484809
0.96 -1.87558290898
0.97 -1.89246452551
0.98 -1.99253114898
0.99 -1.9765160175
1.0 -1.95620027328
1.01 -1.65674752821
1.02 -1.81070097059
1.03 -1.6994784914
1.04 -1.60619144848
1.05 -1.60095972233
1.06 -1.64374095747
1.07 -1.51767857177
1.08 -1.68564944911
1.09 -1.46799296024
1.1 -1.40781235786
1.11 -1.24328546935
1.12 -1.33972926596
1.13 -1.14801839052
1.14 -1.21903878874
1.15 -1.02445208494
1.16 -1.02963735186
1.17 -0.770584897188
1.18 -0.696460599369
1.19 -0.577191181317
1.2 -0.681984126795
1.21 -0.554223510332
1.22 -0.277377165785
1.23 -0.319326613787
1.24 -0.151731764261
1.25 -0.132117977478
1.26 0.156238669107
1.27 0.126896778704
1.28 0.272115881408
1.29 0.387734768759
1.3 0.36940819618
1.31 0.53212218796
1.32 0.626796104895
1.33 0.740388019911
1.34 0.712403475445
1.35 1.08981342787
1.36 0.964538662579
1.37 1.09859514519
1.38 1.09714631261
1.39 1.20970469114
1.4 1.28149856769
1.41 1.2031522886
1.42 1.58942658267
1.43 1.55650459922
1.44 1.62612605079
1.45 1.71725215353
1.46 1.6003140331
1.47 1.61556717883
1.48 1.80768249328
1.49 1.81643881405
1.5 1.95570820622
1.51 1.97543234265
1.52 1.8292723473
1.53 1.96090221264
1.54 1.92570368298
1.55 2.10163375524
1.56 1.83182259707
1.57 2.1292760213
1.58 2.09660008545
1.59 1.94087973133
1.6 1.88036855548
1.61 1.82316821486
1.62 1.90580629997
1.63 1.96287741208
1.64 1.85709920372
1.65 1.85151491888
1.66 1.93673013918
1.67 1.80125614661
1.68 1.71967597155
1.69 1.67782105175
1.7 1.76965342364
1.71 1.56279529774
1.72 1.51766388543
1.73 1.47546946859
1.74 1.35820958926
1.75 1.30613236642
1.76 1.06008588589
1.77 1.08604790874
1.78 1.01814362278
1.79 0.730411858097
1.8 0.77698720989
1.81 0.664653348417
1.82 0.470331338967
1.83 0.579730216154
1.84 0.40472887861
1.85 0.407424238299
1.86 0.365210934313
1.87 0.134868377767
1.88 0.109728951358
1.89 0.077533843297
1.9 -0.261253344956
1.91 -0.185602433672
1.92 -0.157136383894
1.93 -0.319979353928
1.94 -0.573431050234
1.95 -0.656523688027
1.96 -0.678512702133
1.97 -0.91710599264
1.98 -0.860308784692
1.99 -1.12470541203
2.0 -0.972559470361
2.01 -1.23097610369
2.02 -1.28573367833
2.03 -1.34607361748
2.04 -1.46786555539
2.05 -1.54448853048
2.06 -1.59151531198
2.07 -1.70348218803
2.08 -1.57013755311
2.09 -1.50173094977
2.1 -1.68667965498
2.11 -1.70817700558
2.12 -1.95058322561
2.13 -1.88795768406
2.14 -2.06283243806
2.15 -1.77427189771
2.16 -2.16087949254
2.17 -2.00281649981
2.18 -1.86286460774
2.19 -1.9732424885
2.2 -1.9051143766
2.21 -2.10308491801
2.22 -1.91024656145
2.23 -1.98089222548
2.24 -1.9781004113
2.25 -1.73804544383
2.26 -1.85288561342
2.27 -1.737505154
2.28 -1.74508207267
2.29 -1.72636624189
2.3 -1.64281603323
2.31 -1.57861827333
2.32 -1.71761230347
2.33 -1.54533265835
2.34 -1.50107183806
2.35 -1.40552640255
2.36 -1.24042731414
2.37 -1.41119362366
2.38 -1.22775382682
2.39 -1.06988508523
2.4 -0.98338026923
2.41 -0.977444013936
2.42 -0.994255450828
2.43 -0.674603667128
2.44 -0.560425181423
2.45 -0.605286929801
2.46 -0.443355970288
2.47 -0.362890313388
2.48 -0.335103451298
2.49 -0.207168183155
2.5 -0.253902809606
2.51 -0.00813361702681
2.52 -0.0426028431217
2.53 0.0546754097252
2.54 0.302976616456
2.55 0.413965066725
2.56 0.546977495969
2.57 0.652472384613
2.58 0.698971637055
2.59 0.694254756713
2.6 0.789332396019
2.61 0.884901252426
2.62 1.19399865465
2.63 1.17758252512
2.64 1.20384390419
2.65 1.19568869619
2.66 1.25837766629
2.67 1.46213697133
2.68 1.58425083176
2.69 1.47716913225
2.7 1.50161363141
2.71 1.65753510423
2.72 1.74410007528
2.73 1.7300838293
2.74 1.72792846905
2.75 1.82147218173
2.76 1.80252584657
2.77 1.7665585957
2.78 2.15867227017
2.79 1.84388121697
2.8 2.04850216438
2.81 1.93293373569
2.82 1.85313413542
2.83 1.97542746695
2.84 2.01965888491
2.85 1.86655622294
2.86 1.97756141499
2.87 1.92318391428
2.88 1.80292253452
2.89 2.07114295933
2.9 1.90836000743
2.91 1.74910791243
2.92 1.73958075374
2.93 1.81006239423
2.94 1.60450421924
2.95 1.66096495502
2.96 1.46688360482
2.97 1.50593542382
2.98 1.45085452957
2.99 1.26881869416
3.0 1.31749587391
3.01 1.0695945618
3.02 1.08832430116
3.03 0.887508543098
3.04 1.02454385095
3.05 0.804846209147
3.06 0.82754671617
3.07 0.659718753172
3.08 0.512161280365
3.09 0.508199479102
3.1 0.296050524801
3.11 0.509518293996
3.12 0.213133943051
3.13 -0.0135359597105
3.14 0.146789644391
3.15 0.0301111285628
3.16 -0.201616212608
3.17 -0.19757552186
3.18 -0.412835839357
3.19 -0.407901328101
3.2 -0.736057389316
3.21 -0.613082226695
3.22 -0.587068608207
3.23 -0.790165964877
3.24 -0.878929445658
3.25 -0.988697327485
3.26 -0.994029042718
3.27 -1.18103652697
3.28 -1.30630849307
3.29 -1.42466233209
3.3 -1.32048842444
3.31 -1.52088500934
3.32 -1.55843001572
3.33 -1.6657731309
3.34 -1.76399399887
3.35 -1.64988433569
3.36 -1.83209041931
3.37 -1.76906042279
3.38 -1.82284677259
3.39 -1.89720561711
3.4 -2.07236869022
3.41 -1.92772302912
3.42 -2.03296812946
3.43 -1.97175568469
3.44 -2.02239463742
3.45 -1.8534565757
3.46 -1.93316273862
3.47 -1.92258697201
3.48 -1.94036896662
3.49 -2.16015042061
3.5 -2.00172729849
3.51 -1.86636747149
3.52 -1.96199690316
3.53 -1.89247922362
3.54 -1.81724274941
3.55 -1.57928075224
3.56 -1.90060624436
3.57 -1.73141277645
3.58 -1.71936377677
3.59 -1.5389939423
3.6 -1.4475787751
3.61 -1.6762619478
3.62 -1.43687078279
3.63 -1.37627967429
3.64 -1.07330437752
3.65 -1.03800185743
3.66 -0.994949409103
3.67 -0.921280778602
3.68 -0.987006574021
3.69 -0.841701550026
3.7 -0.620032086716
3.71 -0.48839878338
3.72 -0.552719402597
3.73 -0.579947263731
3.74 -0.333889274162
3.75 -0.210316353122
3.76 -0.102990994132
3.77 0.118442722731
3.78 0.0726758024216
3.79 0.249047277769
3.8 0.347284009051
3.81 0.499056723535
3.82 0.458303486714
3.83 0.667705411774
3.84 0.759925209502
3.85 0.774478977545
3.86 0.684208276023
3.87 1.10439799849
3.88 0.845580310186
3.89 0.996467646379
3.9 1.16052765966
3.91 1.3327895561
3.92 1.4282892588
3.93 1.49372252176
3.94 1.61208556333
3.95 1.73737207353
3.96 1.58581652948
3.97 1.70620336581
3.98 1.82825207193
3.99 1.96716257895
4.0 1.97540233455
4.01 1.81900103331
4.02 1.96559871444
4.03 1.90966239313
4.04 1.99161967636
4.05 1.9713953209
4.06 2.16029889599
4.07 1.87204624796
4.08 2.06619152744
4.09 1.79039398935
4.1 2.01719664688
4.11 1.86482735816
4.12 1.85877546823
4.13 1.99422807213
4.14 2.10897017944
4.15 1.81142389336
4.16 1.61089938285
4.17 2.08736382992
4.18 1.7009679202
4.19 1.71178439383
4.2 1.6460860822
4.21 1.70224295619
4.22 1.58472995461
4.23 1.41982559953
4.24 1.2877140757
4.25 1.4111124403
4.26 1.22069672003
4.27 1.19085085256
4.28 0.868635500933
4.29 0.797833350125
4.3 1.07489027855
4.31 0.91637249638
4.32 0.813242872762
4.33 0.601944090691
4.34 0.516868351203
4.35 0.588438825301
4.36 0.316146290458
4.37 0.311435529657
4.38 0.161661424833
4.39 0.0210098222835
4.4 -0.134773168903
4.41 -0.201045676024
4.42 -0.174781520925
4.43 -0.53686819721
4.44 -0.538976730967
4.45 -0.43837887123
4.46 -0.500593644043
4.47 -0.658637874383
4.48 -0.712093368016
4.49 -0.851660128747
4.5 -1.08709272022
4.51 -1.08519464508
4.52 -1.15880170769
4.53 -1.23480493932
4.54 -1.41409729824
4.55 -1.47159771474
4.56 -1.46695219749
4.57 -1.428602181
4.58 -1.60042453349
4.59 -1.74916106597
4.6 -1.46836156703
4.61 -1.72103858399
4.62 -2.03776671879
4.63 -1.90197497603
4.64 -1.7960147506
4.65 -1.86690697014
4.66 -1.88183069554
4.67 -1.80893744238
4.68 -1.84296988498
4.69 -1.9218037193
4.7 -1.93742912108
4.71 -2.18041600597
4.72 -2.10033796603
4.73 -2.08753466141
4.74 -2.07076332315
4.75 -1.77196254516
4.76 -1.91036285687
4.77 -1.95426559919
4.78 -1.8486413668
4.79 -1.81809605643
4.8 -1.93795130769
4.81 -1.79771499913
4.82 -1.78194569864
4.83 -1.58313848254
4.84 -1.45196262257
4.85 -1.48588755798
4.86 -1.47564775824
4.87 -1.50722538132
4.88 -1.36281768591
4.89 -1.26543268256
4.9 -1.17575696247
4.91 -1.13095904746
4.92 -1.08722453237
4.93 -0.952302891536
4.94 -0.744270962974
4.95 -0.681351338616
4.96 -0.630547662798
4.97 -0.567435975689
4.98 -0.238504232313
4.99 -0.2647737885
5.0 -0.318831684518
5.01 -0.196952944765
5.02 -0.131307295457
5.03 0.0485906498065
5.04 0.314884178902
5.05 0.28052338944
5.06 0.327977301233
5.07 0.371286386964
5.08 0.596299929147
5.09 0.484607190614
5.1 0.712786003222
5.11 0.74517587598
5.12 0.958609034308
5.13 0.89800539007
5.14 1.17341879183
5.15 1.07635268979
5.16 1.03154733704
5.17 1.3101429724
5.18 1.30952232126
5.19 1.45721688902
5.2 1.39534107484
5.21 1.40327054406
5.22 1.51932401667
5.23 1.69136796701
5.24 1.74607682267
5.25 1.80627535826
5.26 1.88952825771
5.27 1.83843434153
5.28 1.84550892268
5.29 2.02340423032
5.3 1.94198244162
5.31 1.85964889858
5.32 2.08668132479
5.33 2.01054099567
5.34 1.8420313705
5.35 1.80845604688
5.36 2.00118567465
5.37 2.05421730533
5.38 1.84681831515
5.39 1.93756242776
5.4 1.85630382858
5.41 1.78406502514
5.42 1.68304663508
5.43 1.7578398293
5.44 1.83950190233
5.45 1.77665638128
5.46 1.75557400441
5.47 1.62561912324
5.48 1.42201584955
5.49 1.48553797976
5.5 1.35462259637
5.51 1.38129175609
5.52 1.22243263111
5.53 1.04140423769
5.54 1.13010219952
5.55 0.939317539261
5.56 0.859662351682
5.57 0.967831867941
5.58 0.796003393953
5.59 0.549704214923
5.6 0.561316923702
5.61 0.452595466907
5.62 0.336689290556
5.63 0.192869935175
5.64 0.23689399338
5.65 0.108347547379
5.66 -0.0302571296337
5.67 -0.301294453272
5.68 -0.373843195781
5.69 -0.205586433893
5.7 -0.292130186289
5.71 -0.690023052822
5.72 -0.558082291695
5.73 -0.815695209538
5.74 -0.887848941963
5.75 -0.989580722639
5.76 -0.994664142302
5.77 -1.08273817078
5.78 -1.0898633368
5.79 -1.369617262
5.8 -1.42629231099
5.81 -1.48034044171
5.82 -1.37778309387
5.83 -1.48226360581
5.84 -1.73657737813
5.85 -1.85728207553
5.86 -1.76821543326
5.87 -1.77704513641
5.88 -1.84469798446
5.89 -1.90468325117
5.9 -1.89379924218
5.91 -1.93709869569
5.92 -2.00959513253
5.93 -2.00779122184
5.94 -2.0022122251
5.95 -2.00647695298
5.96 -2.12737521562
5.97 -1.81451267904
5.98 -1.89210302267
5.99 -1.93345379587
6.0 -2.09438129938
6.01 -1.99070104392
6.02 -1.90388707862
6.03 -1.95936767849
6.04 -1.76055513077
6.05 -1.68504233857
6.06 -1.80210487921
6.07 -1.97963892705
6.08 -1.79371456395
6.09 -1.66133902925
6.1 -1.48165951147
6.11 -1.55380403233
6.12 -1.59182075364
6.13 -1.20078331374
6.14 -1.56415098575
6.15 -1.26892629599
6.16 -1.13105795459
6.17 -0.976120768352
6.18 -0.986331109954
6.19 -0.902768469916
6.2 -0.915719269088
6.21 -0.690954295242
6.22 -0.814654803387
6.23 -0.558317134287
6.24 -0.355898666852
6.25 -0.302157081736
6.26 -0.305123506002
6.27 -0.190753911364
6.28 -0.0343035540482
6.29 0.0704545926622
6.3 0.226537212157
6.31 0.341845588915
6.32 0.340506930158
6.33 0.414069137652
6.34 0.483417163721
6.35 0.547035180155
6.36 0.88923405434
6.37 0.826946215801
6.38 0.92859073152
6.39 0.973366829576
6.4 0.966808203708
6.41 1.05026447531
6.42 1.03228337361
6.43 1.33276801765
6.44 1.53045088241
6.45 1.34875715077
6.46 1.66846948818
6.47 1.51746015846
6.48 1.65394039297
6.49 1.88549775185
6.5 1.82642752799
6.51 1.92215093308
6.52 1.65488723712
6.53 1.84147942858
6.54 1.85654270507
6.55 1.98833765055
6.56 2.01833885984
6.57 2.03884151786
6.58 1.95332930415
6.59 2.07122677948
6.6 2.0494381977
6.61 2.04797542982
6.62 1.9172838052
6.63 1.80687618931
6.64 2.01272663787
6.65 1.76169911714
6.66 1.96700712346
6.67 1.96275626218
6.68 1.75410220734
6.69 1.84196063931
6.7 1.62396302932
6.71 1.6461027686
6.72 1.80573007226
6.73 1.61634884764
6.74 1.77318032053
6.75 1.39863178851
6.76 1.32616226481
6.77 1.17723022826
6.78 1.2426890927
6.79 1.22043789853
6.8 0.843926040338
6.81 0.944499900621
6.82 0.848304171341
6.83 0.736627911071
6.84 0.768612505328
6.85 0.65115523145
6.86 0.506189527873
6.87 0.418966976198
6.88 0.304011700625
6.89 0.183090176466
6.9 -0.0371059438685
6.91 -0.105233887121
6.92 -0.252575898648
6.93 -0.103795419743
6.94 -0.220798472773
6.95 -0.275139455721
6.96 -0.469453037617
6.97 -0.630406761178
6.98 -0.615220625604
6.99 -0.952552471733
7.0 -0.727332097122
7.01 -1.22633132824
7.02 -0.957104331253
7.03 -1.18350657838
7.04 -1.45892079823
7.05 -1.37945434018
7.06 -1.32426324867
7.07 -1.50979771762
7.08 -1.48914523647
7.09 -1.4410456545
7.1 -1.67133479693
7.11 -1.60415181415
7.12 -1.7377374838
7.13 -1.82196550669
7.14 -2.0469718645
7.15 -1.79424273363
7.16 -1.97300545998
7.17 -2.08574362414
7.18 -1.88135839825
7.19 -2.02452390834
7.2 -1.91229220575
7.21 -2.1390133719
7.22 -1.92259364732
7.23 -2.12129853972
7.24 -1.91603704777
7.25 -1.88138239215
7.26 -2.13519014873
7.27 -1.95382502092
7.28 -1.95819903205
7.29 -1.94169657238
7.3 -1.84457216015
7.31 -1.92030569182
7.32 -1.61916138957
7.33 -1.92051590571
7.34 -1.76724922414
7.35 -1.6381623491
7.36 -1.56964234428
7.37 -1.56006131759
7.38 -1.38670714941
7.39 -1.3227457858
7.4 -1.39221107556
7.41 -1.07534531167
7.42 -1.14670503682
7.43 -1.07889683785
7.44 -0.946801932082
7.45 -0.75460535572
7.46 -0.889939633279
7.47 -0.548155421247
7.48 -0.669954888857
7.49 -0.429905691476
7.5 -0.255367013491
7.51 -0.492881858702
7.52 -0.158094670765
7.53 -0.0971682626531
7.54 -0.0553873522064
7.55 0.0424183223006
7.56 0.379152576022
7.57 0.422767920165
7.58 0.51556745997
7.59 0.491476391908
7.6 0.692923212744
7.61 0.761039843625
7.62 0.571989185969
7.63 0.993837394155
7.64 0.860003816769
7.65 0.987879757994
7.66 1.06821015018
7.67 0.989702179723
7.68 1.39572846489
7.69 1.31807349474
7.7 1.49681161459
7.71 1.37101037057
7.72 1.46180376028
7.73 1.54422034592
7.74 1.85186770163
7.75 1.46164967327
7.76 1.60715666554
7.77 1.95774007736
7.78 1.69189097932
7.79 1.95286188086
7.8 1.92883979873
7.81 1.99916388464
7.82 2.1514412606
7.83 1.99157222642
7.84 1.83312601283
7.85 1.845309818
7.86 1.97313103622
7.87 2.04324018605
7.88 1.93124092031
7.89 1.87889535175
7.9 2.08933323639
7.91 1.79987074157
7.92 1.81613257904
7.93 1.73445918509
7.94 1.78805006502
7.95 1.78095651017
7.96 1.77871732269
7.97 1.66459858114
7.98 1.77385274327
7.99 1.4649970996
8.0 1.34923362417
8.01 1.37683403595
8.02 1.32692118115
8.03 1.1790908978
8.04 1.18656887025
8.05 1.11481378505
8.06 0.994600428946
8.07 0.820521030834
8.08 0.799215009535
8.09 0.891254957263
8.1 0.500536333215
8.11 0.706011234367
8.12 0.575201237405
8.13 0.477590845052
8.14 0.334166998981
8.15 0.116566178069
8.16 0.171569649814
8.17 0.153704520463
8.18 -0.0241039402038
8.19 -0.0877468834483
8.2 -0.539532541026
8.21 -0.488879123054
8.22 -0.513562048611
8.23 -0.629199040635
8.24 -0.692317040824
8.25 -0.836611427428
8.26 -0.833136693436
8.27 -1.03218085787
8.28 -1.02824576667
8.29 -1.42513186491
8.3 -1.27494359869
8.31 -1.17339441064
8.32 -1.32269122749
8.33 -1.6027361238
8.34 -1.63163437607
8.35 -1.68296492515
8.36 -1.72899827418
8.37 -1.626500618
8.38 -1.62723879224
8.39 -1.8467598459
8.4 -1.93103623584
8.41 -1.96474088411
8.42 -1.92660595765
8.43 -1.98441800059
8.44 -2.28971073318
8.45 -1.80219608734
8.46 -1.9723098535
8.47 -2.1348023122
8.48 -2.07677678266
8.49 -1.84706640504
8.5 -2.03614161817
8.51 -1.94805042456
8.52 -1.99335126457
8.53 -1.99681172265
8.54 -1.97543896473
8.55 -1.98015016709
8.56 -2.08341202158
8.57 -1.81625430801
8.58 -1.8050560186
8.59 -1.69392716105
8.6 -1.76755248343
8.61 -1.6493419947
8.62 -1.56218207398
8.63 -1.52856852893
8.64 -1.3211517823
8.65 -1.37551808844
8.66 -1.13054621405
8.67 -1.0812069897
8.68 -1.09255607702
8.69 -1.02190650967
8.7 -1.026684597
8.71 -0.901750399025
8.72 -0.88104654457
8.73 -0.4964526794
8.74 -0.542531558354
8.75 -0.345344536553
8.76 -0.345538743031
8.77 -0.348916197997
8.78 -0.230339427396
8.79 -0.133637192633
8.8 0.0958401509678
8.81 0.148259244872
8.82 0.315595416265
8.83 0.233532147067
8.84 0.408750809743
8.85 0.568122673314
8.86 0.718569473442
8.87 0.837957746537
8.88 0.872383194507
8.89 0.900570901571
8.9 1.01155372362
8.91 1.14343096516
8.92 1.16408670208
8.93 1.32606013996
8.94 1.37602109459
8.95 1.30700660404
8.96 1.49083926962
8.97 1.72464162669
8.98 1.49304307876
8.99 1.71604802908
9.0 1.6346196101
9.01 1.83951937052
9.02 1.70274109862
9.03 1.84424792611
9.04 1.90639843759
9.05 1.82543698801
9.06 2.00472026827
9.07 2.0889711715
9.08 2.00190822336
9.09 1.87729944009
9.1 1.99116578689
9.11 2.01006248714
9.12 1.82079028395
9.13 1.80666709406
9.14 1.97466657417
9.15 1.95680116802
9.16 1.86807143182
9.17 1.85530300929
9.18 1.97333128261
9.19 1.90161435589
9.2 1.7319940469
9.21 1.88079550613
9.22 1.6945057893
9.23 1.65782590683
9.24 1.59391456573
9.25 1.54261400935
9.26 1.35445523388
9.27 1.41934661874
9.28 1.49858951794
9.29 0.990569191508
9.3 0.9851488057
9.31 1.0877521207
9.32 0.881083702631
9.33 0.950469390234
9.34 0.889617420687
9.35 0.593247667005
9.36 0.625674254081
9.37 0.44341707235
9.38 0.426473695706
9.39 0.632836777408
9.4 0.334882003635
9.41 0.216480911639
9.42 -0.16333426723
9.43 -0.138861522495
9.44 -0.262505533113
9.45 -0.140407784133
9.46 -0.243901330982
9.47 -0.417857505405
9.48 -0.381170578943
9.49 -0.555001267433
9.5 -0.795591286743
9.51 -0.822736515642
9.52 -0.701421767732
9.53 -0.990756275292
9.54 -0.934696327942
9.55 -1.19891127495
9.56 -1.33579605207
9.57 -1.36564145866
9.58 -1.52681410071
9.59 -1.57583670129
9.6 -1.44741262739
9.61 -1.63781445444
9.62 -1.544416097
9.63 -1.89870415065
9.64 -1.70620133515
9.65 -1.88987868322
9.66 -1.76565290412
9.67 -1.70132535118
9.68 -1.95558200149
9.69 -1.97392040751
9.7 -2.12388733607
9.71 -1.96369710831
9.72 -1.97420009774
9.73 -1.93301161753
9.74 -1.78201236767
9.75 -1.92645696897
9.76 -2.01330440001
9.77 -1.92688119512
9.78 -2.06184795961
9.79 -1.83908817266
9.8 -1.77726315859
9.81 -1.74868175584
9.82 -1.82870877987
9.83 -1.80079137954
9.84 -1.82328814775
9.85 -1.8730662318
9.86 -1.50869700113
9.87 -1.58136622606
9.88 -1.62219675164
9.89 -1.52658155329
9.9 -1.44330737245
9.91 -1.2549716489
9.92 -1.21057539918
9.93 -1.16875015863
9.94 -1.10183535041
9.95 -1.01804589588
9.96 -0.806793451907
9.97 -0.917303458326
9.98 -0.612488385456
9.99 -0.697904169277
